87 90 92 95 96 93
12 15 16 17 17
26 27 29 31 34 36 40
79 80 82 85 87 88 95
17 20 22 20 23 24
10 13 11 12 9
1 4 6 7 6 8 8
60 63 65 63 65 69
70 73 76 79 77 78 84
25 27 29 32 35 35 36
86 87 88 90 92 93 93 90
20 23 25 25 25
3 5 8 8 10 14
3 4 7 9 12 12 14 20
72 75 79 80 82
5 7 11 14 15 18 15
54 57 61 63 65 65
49 50 54 55 56 57 60 64
20 22 25 26 30 32 39
41 43 45 46 49 51 58 61
78 80 83 84 86 93 90
74 76 79 85 87 89 89
71 73 79 80 83 84 88
13 16 17 24 26 28 34
16 14 17 20 21 23 26 28
30 28 30 32 34 36 33
64 63 64 66 66
27 25 27 29 31 34 38
51 49 50 53 59
20 18 19 22 20 22 25 28
25 23 24 26 28 25 22
11 10 11 8 9 10 10
20 17 18 19 18 20 21 25
34 33 30 32 34 40
25 23 23 24 25 26 28
60 57 60 61 61 63 62
10 8 8 11 13 16 19 19
55 52 54 54 55 56 60
34 33 34 34 36 43
64 61 65 67 69
50 47 49 51 55 58 59 58
74 73 77 79 80 82 82
73 71 72 76 78 79 83
80 79 80 84 90
45 43 50 53 56 57
70 67 74 76 75
19 18 24 26 26
37 35 42 44 48
56 54 56 62 67
74 74 75 76 79
46 46 48 50 52 53 55 53
96 96 97 98 98
7 7 8 10 11 15
31 31 32 35 36 42
45 45 43 45 47
44 44 43 44 42
8 8 10 9 11 14 17 17
86 86 85 88 92
40 40 42 43 46 44 46 53
40 40 40 43 44
45 45 45 46 45
54 54 54 55 55
28 28 28 30 34
45 45 47 49 52 52 59
69 69 72 73 76 80 82 84
19 19 23 26 29 30 29
53 53 57 60 63 64 64
41 41 45 48 52
69 69 72 74 78 81 88
49 49 51 52 55 61 62
26 26 27 29 35 38 37
2 2 8 9 9
78 78 84 85 87 89 93
20 20 22 28 33
1 5 8 9 10
17 21 23 26 28 30 32 31
24 28 29 30 33 35 36 36
76 80 82 85 88 92
23 27 29 30 32 37
32 36 37 35 37 40 42 43
4 8 9 12 15 14 16 15
2 6 4 7 7
37 41 43 40 42 46
2 6 9 12 10 16
30 34 37 37 40
23 27 27 28 30 32 30
37 41 44 44 44
5 9 11 14 16 16 20
82 86 88 91 91 92 99
16 20 24 27 30 32 33
73 77 80 82 86 87 90 89
42 46 50 51 52 53 55 55
77 81 83 87 88 90 92 96
72 76 80 81 83 85 90
3 7 8 9 14 16 18 20
26 30 35 38 40 42 40
15 19 21 22 28 31 32 32
2 6 12 15 17 21
28 32 34 36 41 48
41 46 49 50 51 52 55 57